0
1
2
3
4
5
6
7
8
9
10
11
12
13
14
15
16
17
18
19
20
21
22
23
24
25
26
27
28
29
30
31
32
33
34
35
36
37
38
39
40
41
42
43
44
45
46
47
48
49
50
51
52
53
54
55
56
57
58
59
60
61
62
63
64
65
66
67
68
69
70
71
72
73
74
75
76
77
78
79
80
81
82
83
84
85
86
87
88
89
90
91
92
93
94
95
96
97
98
99
100
101
102
103
104
105
106
107
108
109
110
111
112
113
114
115
116
117
118
119
120
121
122
123
124
125
126
127
128
129
130
131
132
133
134
135
136
137
138
139
140
141
142
143
144
145
146
147
148
149
150
151
152
153
154
155
156
157
158
159
160
161
162
163
164
165
166
167
168
169
170
171
172
173
174
175
176
177
178
179
180
181
182
183
184
185
186
187
188
189
190
191
192
193
194
195
196
197
198
199
200
201
202
203
204
205
206
207
208
209
210
211
212
213
214
215
216
217
218
219
220
221
222
223
224
225
226
227
228
229
230
231
232
233
234
235
236
237
238
239
240
241
242
243
244
245
246
247
248
249
250
251
252
253
254
255
256
257
258
259
260
261
262
263
264
265
266
267
268
269
270
271
272
273
274
275
276
277
278
279
280
281
282
283
284
285
286
287
288
289
290
291
292
293
294
295
296
297
298
299
300
301
302
303
304
305
306
307
308
309
310
311
312
313
314
315
316
317
318
319
320
321
322
323
324
325
326
327
328
329
330
331
332
333
334
335
336
337
338
339
340
341
342
343
344
345
346
347
348
349
350
351
352
353
354
355
356
357
358
359
360
361
362
363
364
365
366
367
368
369
370
371
372
373
374
375
376
377
378
379
380
381
382
383
384
385
386
387
388
389
390
391
392
393
394
395
396
397
398
399
400
401
402
403
404
405
406
407
408
409
410
411
412
413
414
415
416
417
418
419
420
421
422
423
424
425
426
427
428
429
430
431
432
433
434
435
436
437
438
439
440
441
442
443
444
445
446
447
448
449
450
451
452
453
454
455
456
457
458
459
460
461
462
463
464
465
466
467
468
469
470
471
472
473
474
475
476
477
478
479
480
481
482
483
484
485
486
487
488
489
490
491
492
493
494
495
496
497
498
499
500
501
502
503
504
505
506
507
508
509
510
511
512
513
514
515
516
517
518
519
520
521
522
523
524
525
526
527
528
529
530
531
532
533
534
535
536
537
538
539
540
541
542
543
544
545
546
547
548
549
550
551
552
553
554
555
556
557
558
559
560
561
562
563
564
565
566
567
568
569
570
571
572
573
574
575
576
577
578
579
580
581
582
583
584
585
586
587
588
589
590
591
592
593
594
595
596
597
598
599
600
601
602
603
604
605
606
607
608
609
610
611
612
613
614
615
616
617
618
619
620
621
622
623
624
625
626
627
628
629
630
631
632
633
634
635
636
637
638
639
640
641
642
643
644
645
646
647
648
649
650
651
652
653
654
655
656
657
658
659
660
661
662
663
664
665
666
667
668
669
670
671
672
673
674
675
676
677
678
679
680
681
682
683
684
685
686
687
688
689
690
691
692
693
694
695
696
697
698
699
700
701
702
703
704
705
706
707
708
709
710
711
712
713
714
715
716
717
718
719
720
721
722
723
724
725
726
727
728
729
730
731
732
733
734
735
736
737
738
739
740
741
742
743
744
745
746
747
748
749
750
751
752
753
754
755
756
757
758
759
760
761
762
763
764
765
766
767
768
769
770
771
772
773
774
775
776
777
778
779
780
781
782
783
784
785
786
787
788
789
790
791
792
793
794
795
796
797
798
799
800
801
802
803
804
805
806
807
808
809
810
811
812
813
814
815
816
817
818
819
820
821
822
823
824
825
826
827
828
829
830
831
832
833
834
835
836
837
838
839
840
841
842
843
844
845
846
847
848
849
850
851
852
853
854
855
856
857
858
859
860
861
862
863
864
865
866
867
868
869
870
871
872
873
874
875
876
877
878
879
880
881
882
883
884
885
886
887
888
889
890
891
892
893
894
895
896
897
898
899
900
901
902
903
904
905
906
907
908
909
910
911
912
913
914
915
916
917
918
919
920
921
922
923
924
925
926
927
928
929
930
931
932
933
934
935
936
937
938
939
940
941
942
943
944
945
946
947
948
949
950
951
952
953
954
955
956
957
958
959
960
961
962
963
964
965
966
967
968
969
970
971
972
973
974
975
976
977
978
979
980
981
982
983
984
985
986
987
988
989
990
991
992
993
994
995
996
997
998
999
1000
1001
1002
1003
1004
1005
1006
1007
1008
1009
1010
1011
1012
1013
1014
1015
1016
1017
1018
1019
1020
1021
1022
1023
1024
1025
1026
1027
1028
1029
1030
1031
1032
1033
1034
1035
1036
1037
1038
1039
1040
1041
1042
1043
1044
1045
1046
1047
1048
1049
1050
1051
1052
1053
1054
1055
1056
1057
1058
1059
1060
1061
1062
1063
1064
1065
1066
1067
1068
1069
1070
1071
1072
1073
1074
1075
1076
1077
1078
1079
1080
1081
1082
1083
1084
1085
1086
1087
1088
1089
1090
1091
1092
1093
1094
1095
1096
1097
1098
1099
1100
1101
1102
1103
1104
1105
1106
1107
1108
1109
1110
1111
1112
1113
1114
1115
1116
1117
1118
1119
1120
1121
1122
1123
1124
1125
1126
1127
1128
1129
1130
1131
1132
1133
1134
1135
1136
1137
1138
1139
1140
1141
1142
1143
1144
1145
1146
1147
1148
1149
1150
1151
1152
1153
1154
1155
1156
1157
1158
1159
1160
1161
1162
1163
1164
1165
1166
1167
1168
1169
1170
1171
1172
1173
1174
1175
1176
1177
1178
1179
1180
1181
1182
1183
1184
1185
1186
1187
1188
1189
1190
1191
1192
1193
1194
1195
1196
1197
1198
1199
1200
1201
1202
1203
1204
1205
1206
1207
1208
1209
1210
1211
1212
1213
1214
1215
1216
1217
1218
1219
1220
1221
1222
1223
1224
1225
1226
1227
1228
1229
1230
1231
1232
1233
1234
1235
1236
1237
1238
1239
1240
1241
1242
1243
1244
1245
1246
1247
1248
1249
1250
1251
1252
1253
1254
1255
1256
1257
1258
1259
1260
1261
1262
1263
1264
1265
1266
1267
1268
1269
1270
1271
1272
1273
1274
1275
1276
1277
1278
1279
1280
1281
1282
1283
1284
1285
1286
1287
1288
1289
1290
1291
1292
1293
1294
1295
1296
1297
1298
1299
1300
1301
1302
1303
1304
1305
1306
1307
1308
1309
1310
1311
1312
1313
1314
1315
1316
1317
1318
1319
1320
1321
1322
1323
1324
1325
1326
1327
1328
1329
1330
1331
1332
1333
1334
1335
1336
1337
1338
1339
1340
1341
1342
1343
1344
1345
1346
1347
1348
1349
1350
1351
1352
1353
1354
1355
1356
1357
1358
1359
1360
1361
1362
1363
1364
1365
1366
1367
1368
1369
1370
1371
1372
1373
1374
1375
1376
1377
1378
1379
1380
1381
1382
1383
1384
1385
1386
1387
1388
1389
1390
1391
1392
1393
1394
1395
1396
1397
1398
1399
1400
1401
1402
1403
1404
1405
1406
1407
1408
1409
1410
1411
1412
1413
1414
1415
1416
1417
1418
1419
1420
1421
1422
1423
1424
1425
1426
1427
1428
1429
1430
1431
1432
1433
1434
1435
1436
1437
1438
1439
1440
1441
1442
1443
1444
1445
1446
1447
1448
1449
1450
1451
1452
1453
1454
1455
1456
1457
1458
1459
1460
1461
1462
1463
1464
1465
1466
1467
1468
1469
1470
1471
1472
1473
1474
1475
1476
1477
1478
1479
1480
1481
1482
1483
1484
1485
1486
1487
1488
1489
1490
1491
1492
1493
1494
1495
1496
1497
1498
1499
1500
1501
1502
1503
1504
1505
1506
1507
1508
1509
1510
1511
1512
1513
1514
1515
1516
1517
1518
1519
1520
1521
1522
1523
1524
1525
1526
1527
1528
1529
1530
1531
1532
1533
1534
1535
1536
1537
1538
1539
1540
1541
1542
1543
1544
1545
1546
1547
1548
1549
1550
1551
1552
1553
1554
1555
1556
1557
1558
1559
1560
1561
1562
1563
1564
1565
1566
1567
1568
1569
1570
1571
1572
1573
1574
1575
1576
1577
1578
1579
1580
1581
1582
1583
1584
1585
1586
1587
1588
1589
1590
1591
1592
1593
1594
1595
1596
1597
1598
1599
1600
1601
1602
1603
1604
1605
1606
1607
1608
1609
1610
1611
1612
1613
1614
1615
1616
1617
1618
1619
1620
1621
1622
1623
1624
1625
1626
1627
1628
1629
1630
1631
1632
1633
1634
1635
1636
1637
1638
1639
1640
1641
1642
1643
1644
1645
1646
1647
1648
1649
1650
1651
1652
1653
1654
1655
1656
1657
1658
1659
1660
1661
1662
1663
1664
1665
1666
1667
1668
1669
1670
1671
1672
1673
1674
1675
1676
1677
1678
1679
1680
1681
1682
1683
1684
1685
1686
1687
1688
1689
1690
1691
1692
1693
1694
1695
1696
1697
1698
1699
1700
1701
1702
1703
1704
1705
1706
1707
1708
1709
1710
1711
1712
1713
1714
1715
1716
1717
1718
1719
1720
1721
1722
1723
1724
1725
1726
1727
1728
1729
1730
1731
1732
1733
1734
1735
1736
1737
1738
1739
1740
1741
1742
1743
1744
1745
1746
1747
1748
1749
1750
1751
1752
1753
1754
1755
1756
1757
1758
1759
1760
1761
1762
1763
1764
1765
1766
1767
1768
1769
1770
1771
1772
1773
1774
1775
1776
1777
1778
1779
1780
1781
1782
1783
1784
1785
1786
1787
1788
1789
1790
1791
1792
1793
1794
1795
1796
1797
1798
1799
1800
1801
1802
1803
1804
1805
1806
1807
1808
1809
1810
1811
1812
1813
1814
1815
1816
1817
1818
1819
1820
1821
1822
1823
1824
1825
1826
1827
1828
1829
1830
1831
1832
1833
1834
1835
1836
1837
1838
1839
1840
1841
1842
1843
1844
1845
1846
1847
1848
1849
1850
1851
1852
1853
1854
1855
1856
1857
1858
1859
1860
1861
1862
1863
1864
1865
1866
1867
1868
1869
1870
1871
1872
1873
1874
1875
1876
1877
1878
1879
1880
1881
1882
1883
1884
1885
1886
1887
1888
1889
1890
1891
1892
1893
1894
1895
1896
1897
1898
1899
1900
1901
1902
1903
1904
1905
1906
1907
1908
1909
1910
1911
1912
1913
1914
1915
1916
1917
1918
1919
1920
1921
1922
1923
1924
1925
1926
1927
1928
1929
1930
1931
1932
1933
1934
1935
1936
1937
1938
1939
1940
1941
1942
1943
1944
1945
1946
1947
1948
1949
1950
1951
1952
1953
1954
1955
1956
1957
1958
1959
1960
1961
1962
1963
1964
1965
1966
1967
1968
1969
1970
1971
1972
1973
1974
1975
1976
1977
1978
1979
1980
1981
1982
1983
1984
1985
1986
1987
1988
1989
1990
1991
1992
1993
1994
1995
1996
1997
1998
1999
1999
1998
1997
1996
1995
1994
1993
1992
1991
1990
1989
1988
1987
1986
1985
1984
1983
1982
1981
1980
1979
1978
1977
1976
1975
1974
1973
1972
1971
1970
1969
1968
1967
1966
1965
1964
1963
1962
1961
1960
1959
1958
1957
1956
1955
1954
1953
1952
1951
1950
1949
1948
1947
1946
1945
1944
1943
1942
1941
1940
1939
1938
1937
1936
1935
1934
1933
1932
1931
1930
1929
1928
1927
1926
1925
1924
1923
1922
1921
1920
1919
1918
1917
1916
1915
1914
1913
1912
1911
1910
1909
1908
1907
1906
1905
1904
1903
1902
1901
1900
1899
1898
1897
1896
1895
1894
1893
1892
1891
1890
1889
1888
1887
1886
1885
1884
1883
1882
1881
1880
1879
1878
1877
1876
1875
1874
1873
1872
1871
1870
1869
1868
1867
1866
1865
1864
1863
1862
1861
1860
1859
1858
1857
1856
1855
1854
1853
1852
1851
1850
1849
1848
1847
1846
1845
1844
1843
1842
1841
1840
1839
1838
1837
1836
1835
1834
1833
1832
1831
1830
1829
1828
1827
1826
1825
1824
1823
1822
1821
1820
1819
1818
1817
1816
1815
1814
1813
1812
1811
1810
1809
1808
1807
1806
1805
1804
1803
1802
1801
1800
1799
1798
1797
1796
1795
1794
1793
1792
1791
1790
1789
1788
1787
1786
1785
1784
1783
1782
1781
1780
1779
1778
1777
1776
1775
1774
1773
1772
1771
1770
1769
1768
1767
1766
1765
1764
1763
1762
1761
1760
1759
1758
1757
1756
1755
1754
1753
1752
1751
1750
1749
1748
1747
1746
1745
1744
1743
1742
1741
1740
1739
1738
1737
1736
1735
1734
1733
1732
1731
1730
1729
1728
1727
1726
1725
1724
1723
1722
1721
1720
1719
1718
1717
1716
1715
1714
1713
1712
1711
1710
1709
1708
1707
1706
1705
1704
1703
1702
1701
1700
1699
1698
1697
1696
1695
1694
1693
1692
1691
1690
1689
1688
1687
1686
1685
1684
1683
1682
1681
1680
1679
1678
1677
1676
1675
1674
1673
1672
1671
1670
1669
1668
1667
1666
1665
1664
1663
1662
1661
1660
1659
1658
1657
1656
1655
1654
1653
1652
1651
1650
1649
1648
1647
1646
1645
1644
1643
1642
1641
1640
1639
1638
1637
1636
1635
1634
1633
1632
1631
1630
1629
1628
1627
1626
1625
1624
1623
1622
1621
1620
1619
1618
1617
1616
1615
1614
1613
1612
1611
1610
1609
1608
1607
1606
1605
1604
1603
1602
1601
1600
1599
1598
1597
1596
1595
1594
1593
1592
1591
1590
1589
1588
1587
1586
1585
1584
1583
1582
1581
1580
1579
1578
1577
1576
1575
1574
1573
1572
1571
1570
1569
1568
1567
1566
1565
1564
1563
1562
1561
1560
1559
1558
1557
1556
1555
1554
1553
1552
1551
1550
1549
1548
1547
1546
1545
1544
1543
1542
1541
1540
1539
1538
1537
1536
1535
1534
1533
1532
1531
1530
1529
1528
1527
1526
1525
1524
1523
1522
1521
1520
1519
1518
1517
1516
1515
1514
1513
1512
1511
1510
1509
1508
1507
1506
1505
1504
1503
1502
1501
1500
1499
1498
1497
1496
1495
1494
1493
1492
1491
1490
1489
1488
1487
1486
1485
1484
1483
1482
1481
1480
1479
1478
1477
1476
1475
1474
1473
1472
1471
1470
1469
1468
1467
1466
1465
1464
1463
1462
1461
1460
1459
1458
1457
1456
1455
1454
1453
1452
1451
1450
1449
1448
1447
1446
1445
1444
1443
1442
1441
1440
1439
1438
1437
1436
1435
1434
1433
1432
1431
1430
1429
1428
1427
1426
1425
1424
1423
1422
1421
1420
1419
1418
1417
1416
1415
1414
1413
1412
1411
1410
1409
1408
1407
1406
1405
1404
1403
1402
1401
1400
1399
1398
1397
1396
1395
1394
1393
1392
1391
1390
1389
1388
1387
1386
1385
1384
1383
1382
1381
1380
1379
1378
1377
1376
1375
1374
1373
1372
1371
1370
1369
1368
1367
1366
1365
1364
1363
1362
1361
1360
1359
1358
1357
1356
1355
1354
1353
1352
1351
1350
1349
1348
1347
1346
1345
1344
1343
1342
1341
1340
1339
1338
1337
1336
1335
1334
1333
1332
1331
1330
1329
1328
1327
1326
1325
1324
1323
1322
1321
1320
1319
1318
1317
1316
1315
1314
1313
1312
1311
1310
1309
1308
1307
1306
1305
1304
1303
1302
1301
1300
1299
1298
1297
1296
1295
1294
1293
1292
1291
1290
1289
1288
1287
1286
1285
1284
1283
1282
1281
1280
1279
1278
1277
1276
1275
1274
1273
1272
1271
1270
1269
1268
1267
1266
1265
1264
1263
1262
1261
1260
1259
1258
1257
1256
1255
1254
1253
1252
1251
1250
1249
1248
1247
1246
1245
1244
1243
1242
1241
1240
1239
1238
1237
1236
1235
1234
1233
1232
1231
1230
1229
1228
1227
1226
1225
1224
1223
1222
1221
1220
1219
1218
1217
1216
1215
1214
1213
1212
1211
1210
1209
1208
1207
1206
1205
1204
1203
1202
1201
1200
1199
1198
1197
1196
1195
1194
1193
1192
1191
1190
1189
1188
1187
1186
1185
1184
1183
1182
1181
1180
1179
1178
1177
1176
1175
1174
1173
1172
1171
1170
1169
1168
1167
1166
1165
1164
1163
1162
1161
1160
1159
1158
1157
1156
1155
1154
1153
1152
1151
1150
1149
1148
1147
1146
1145
1144
1143
1142
1141
1140
1139
1138
1137
1136
1135
1134
1133
1132
1131
1130
1129
1128
1127
1126
1125
1124
1123
1122
1121
1120
1119
1118
1117
1116
1115
1114
1113
1112
1111
1110
1109
1108
1107
1106
1105
1104
1103
1102
1101
1100
1099
1098
1097
1096
1095
1094
1093
1092
1091
1090
1089
1088
1087
1086
1085
1084
1083
1082
1081
1080
1079
1078
1077
1076
1075
1074
1073
1072
1071
1070
1069
1068
1067
1066
1065
1064
1063
1062
1061
1060
1059
1058
1057
1056
1055
1054
1053
1052
1051
1050
1049
1048
1047
1046
1045
1044
1043
1042
1041
1040
1039
1038
1037
1036
1035
1034
1033
1032
1031
1030
1029
1028
1027
1026
1025
1024
1023
1022
1021
1020
1019
1018
1017
1016
1015
1014
1013
1012
1011
1010
1009
1008
1007
1006
1005
1004
1003
1002
1001
1000
999
998
997
996
995
994
993
992
991
990
989
988
987
986
985
984
983
982
981
980
979
978
977
976
975
974
973
972
971
970
969
968
967
966
965
964
963
962
961
960
959
958
957
956
955
954
953
952
951
950
949
948
947
946
945
944
943
942
941
940
939
938
937
936
935
934
933
932
931
930
929
928
927
926
925
924
923
922
921
920
919
918
917
916
915
914
913
912
911
910
909
908
907
906
905
904
903
902
901
900
899
898
897
896
895
894
893
892
891
890
889
888
887
886
885
884
883
882
881
880
879
878
877
876
875
874
873
872
871
870
869
868
867
866
865
864
863
862
861
860
859
858
857
856
855
854
853
852
851
850
849
848
847
846
845
844
843
842
841
840
839
838
837
836
835
834
833
832
831
830
829
828
827
826
825
824
823
822
821
820
819
818
817
816
815
814
813
812
811
810
809
808
807
806
805
804
803
802
801
800
799
798
797
796
795
794
793
792
791
790
789
788
787
786
785
784
783
782
781
780
779
778
777
776
775
774
773
772
771
770
769
768
767
766
765
764
763
762
761
760
759
758
757
756
755
754
753
752
751
750
749
748
747
746
745
744
743
742
741
740
739
738
737
736
735
734
733
732
731
730
729
728
727
726
725
724
723
722
721
720
719
718
717
716
715
714
713
712
711
710
709
708
707
706
705
704
703
702
701
700
699
698
697
696
695
694
693
692
691
690
689
688
687
686
685
684
683
682
681
680
679
678
677
676
675
674
673
672
671
670
669
668
667
666
665
664
663
662
661
660
659
658
657
656
655
654
653
652
651
650
649
648
647
646
645
644
643
642
641
640
639
638
637
636
635
634
633
632
631
630
629
628
627
626
625
624
623
622
621
620
619
618
617
616
615
614
613
612
611
610
609
608
607
606
605
604
603
602
601
600
599
598
597
596
595
594
593
592
591
590
589
588
587
586
585
584
583
582
581
580
579
578
577
576
575
574
573
572
571
570
569
568
567
566
565
564
563
562
561
560
559
558
557
556
555
554
553
552
551
550
549
548
547
546
545
544
543
542
541
540
539
538
537
536
535
534
533
532
531
530
529
528
527
526
525
524
523
522
521
520
519
518
517
516
515
514
513
512
511
510
509
508
507
506
505
504
503
502
501
500
499
498
497
496
495
494
493
492
491
490
489
488
487
486
485
484
483
482
481
480
479
478
477
476
475
474
473
472
471
470
469
468
467
466
465
464
463
462
461
460
459
458
457
456
455
454
453
452
451
450
449
448
447
446
445
444
443
442
441
440
439
438
437
436
435
434
433
432
431
430
429
428
427
426
425
424
423
422
421
420
419
418
417
416
415
414
413
412
411
410
409
408
407
406
405
404
403
402
401
400
399
398
397
396
395
394
393
392
391
390
389
388
387
386
385
384
383
382
381
380
379
378
377
376
375
374
373
372
371
370
369
368
367
366
365
364
363
362
361
360
359
358
357
356
355
354
353
352
351
350
349
348
347
346
345
344
343
342
341
340
339
338
337
336
335
334
333
332
331
330
329
328
327
326
325
324
323
322
321
320
319
318
317
316
315
314
313
312
311
310
309
308
307
306
305
304
303
302
301
300
299
298
297
296
295
294
293
292
291
290
289
288
287
286
285
284
283
282
281
280
279
278
277
276
275
274
273
272
271
270
269
268
267
266
265
264
263
262
261
260
259
258
257
256
255
254
253
252
251
250
249
248
247
246
245
244
243
242
241
240
239
238
237
236
235
234
233
232
231
230
229
228
227
226
225
224
223
222
221
220
219
218
217
216
215
214
213
212
211
210
209
208
207
206
205
204
203
202
201
200
199
198
197
196
195
194
193
192
191
190
189
188
187
186
185
184
183
182
181
180
179
178
177
176
175
174
173
172
171
170
169
168
167
166
165
164
163
162
161
160
159
158
157
156
155
154
153
152
151
150
149
148
147
146
145
144
143
142
141
140
139
138
137
136
135
134
133
132
131
130
129
128
127
126
125
124
123
122
121
120
119
118
117
116
115
114
113
112
111
110
109
108
107
106
105
104
103
102
101
100
99
98
97
96
95
94
93
92
91
90
89
88
87
86
85
84
83
82
81
80
79
78
77
76
75
74
73
72
71
70
69
68
67
66
65
64
63
62
61
60
59
58
57
56
55
54
53
52
51
50
49
48
47
46
45
44
43
42
41
40
39
38
37
36
35
34
33
32
31
30
29
28
27
26
25
24
23
22
21
20
19
18
17
16
15
14
13
12
11
10
9
8
7
6
5
4
3
2
1
0
8626
26019
24065
4676
8089
12971
23540
15763
12662
14332
14477
2655
10888
6308
29750
31422
15006
25356
19013
26875
28132
24955
20339
31805
24316
21469
21648
20580
20304
30403
24949
21812
6567
31658
23609
10421
13047
22144
12456
28889
11642
1124
3056
30816
29188
12206
158
4857
9108
21807
9929
3242
24873
20154
3213
10353
22999
26338
2748
29228
26393
23046
20943
26550
8553
26763
17187
15699
8974
24169
27234
16718
27958
13289
11070
8928
9028
11181
30566
8276
4203
4592
8370
24681
11132
271
7073
31480
3324
20296
17926
29910
2938
2498
1534
13052
29215
8398
21797
10469
1415
10605
3082
17976
19151
22546
480
26535
17648
6313
21622
20247
7243
26583
27753
26369
25733
20868
4504
21784
29844
14487
9176
8236
1306
19456
19433
27982
2290
19708
14505
6197
29705
2708
15496
10976
25712
13927
24380
30845
25007
30378
14262
24458
9819
22893
8788
30522
10219
3360
10072
11290
20679
597
9625
4084
8354
23240
5496
24819
9994
18844
30742
3081
3133
18663
18116
11918
7231
18545
30395
23338
2089
14777
25870
9716
20932
7481
16092
15323
5462
29931
14794
2374
9660
16396
12464
13303
11961
25632
30867
27701
20878
10038
468
22826
28619
8045
6566
9354
6244
15287
24517
26997
19207
18909
17510
2719
1453
7620
8809
13230
20592
15854
18902
2531
15260
14659
3719
20477
1032
2578
12066
346
20903
10835
10315
10336
17498
15663
18455
29723
17160
29122
5571
20775
16625
799
24998
2513
27967
31124
4452
12665
222
4400
31845
24379
7822
27011
27781
31694
31031
25253
5901
9899
13436
19322
8675
30322
13202
17715
2301
6282
19027
24
30747
5128
1166
13701
27830
13267
30626
819
13363
23557
21067
3001
6749
20116
7867
83
23570
9009
27373
30689
12860
30320
19254
14131
2308
5162
27421
20099
14146
8480
8300
12355
18999
2016
13447
9498
14718
11501
22525
16681
5952
11802
29789
16018
4264
12599
20555
24891
21142
1519
14802
18383
9880
7921
11004
19974
23574
9806
7328
25639
20940
12578
31612
32715
13181
22135
29571
2531
16358
11622
1400
28156
10994
30335
6844
11970
28716
29804
2917
9155
10617
14288
19087
17526
15879
25205
11511
9340
32129
9639
32198
1317
31621
32731
21930
8246
16215
32149
26667
4074
7127
392
15165
30774
17328
22526
32017
21841
28115
6522
27697
4980
7716
8348
1484
21471
26226
5958
28238
796
13229
24317
18484
9351
31571
22674
27935
30478
23852
20225
15655
22326
3383
2457
30833
606
6628
18781
22276
8008
25219
13739
21208
12245
20989
31771
22576
20496
12738
10154
20522
26222
10498
29464
14741
10581
15392
6798
17410
7642
24676
28804
8478
29647
30704
14818
63
25341
18933
5477
26684
28078
19238
29253
25474
11375
19053
23061
12900
1811
21981
4586
30643
32507
27625
22207
5007
28309
19667
14616
8316
25123
103
23526
18105
28094
25576
6827
22989
9370
21579
23262
29794
5515
18595
3217
1622
28872
28893
7761
2320
15088
11437
26702
19984
12618
28360
21180
7114
17233
24660
15224
3253
17776
22684
24303
25759
16650
32009
18492
20547
1469
7502
3216
17181
24552
8162
21975
26493
6250
4787
152
21723
8621
13337
20765
106
5604
2056
981
7151
27280
19851
15606
22228
32073
26733
7014
13688
23995
4921
29404
29386
30959
28006
28995
8214
2508
14795
13151
30495
29405
24921
3250
4717
25940
3592
1697
32744
31055
29202
23251
24998
7003
3936
27866
4354
29494
4929
1813
30702
10202
6754
24276
5258
9398
28923
9150
23285
17471
9030
7792
26978
935
29237
8807
17007
9196
100
22304
435
23573
19277
7293
16022
185
17595
3691
4454
17600
8321
27586
28327
30573
10859
25709
19626
25501
14453
4810
18273
13385
3387
9299
13937
594
16049
30079
27017
28542
29972
9443
32498
29373
5664
24989
2152
14770
12420
30962
29225
17262
15251
26422
24651
6271
32572
28652
30290
17449
14396
303
15618
29427
19602
26193
6770
23142
9267
3521
4194
19985
31232
26162
13518
9680
14581
5881
6340
22862
14755
6071
4466
29897
29664
27449
6019
19221
30909
412
12460
2276
18616
1461
6017
3396
23091
6576
5518
11113
25637
18166
17315
14765
16656
9557
9327
4565
32307
32091
19792
26262
27392
27138
4458
4696
15568
15763
25335
17209
6870
11716
24285
10325
9809
2851
13958
1093
21254
1976
27628
18661
9198
20710
5107
8282
8236
147
4860
1876
5185
10633
1975
23697
29571
795
22584
2467
28108
30731
5454
10482
3439
7339
10256
19716
29040
20547
32184
19708
30708
3507
9653
14945
27894
12121
5627
25633
4412
10805
2462
2774
3465
1099
11679
10823
9749
2633
4102
31794
16954
2154
1328
6217
7280
2714
30571
21882
11899
26587
21696
20595
11747
7399
3856
15206
11429
14871
25187
23305
12840
26755
21884
21730
24690
19051
10417
12993
31132
15062
9977
16270
22915
12408
3399
8516
14273
18393
31766
21566
17884
14516
10053
27570
32188
15005
14374
15227
13411
7399
5586
20251
17624
5573
1983
20992
26468
3247
26260
19718
2305
25608
20283
23870
14096
1533
3128
18414
29514
14512
10554
4056
1017
32150
25840
28607
5224
29
29982
24104
14744
22419
20720
32350
12084
8259
30094
8888
24775
12257
22768
17438
4909
26920
32500
4810
16968
29377
25774
1100
1780
21863
13823
721
6460
17737
361
8612
17102
6831
24097
31477
21932
15841
14438
6874
31525
2629
14354
7059
28420
27847
30063
22290
31495
16765
28747
20923
18066
13451
32079
17000
20133
10821
7564
23472
6668
29332
29783
14953
32213
19355
20311
7531
1543
30618
29916
19095
22161
27154
11378
17688
6273
20522
13751
14569
18294
30801
8553
16279
29528
23845
16579
25161
19014
22419
7946
31997
32464
15424
14691
26388
24167
26664
26855
1297
11281
134
13049
10142
4962
27123
29655
23504
18343
15057
6000
4267
9060
11498
21622
13801
23553
21077
7603
14327
7616
4506
15776
32065
9202
11541
20532
18607
8555
22944
3834
9583
3379
10348
9062
16374
10110
18480
29545
20545
19166
24966
7235
31073
23992
4753
3993
16950
30709
19940
1735
2939
4345
8351
16503
9986
18905
9179
15475
29761
10184
7497
27063
9742
21203
4885
31435
5543
11471
22289
21583
18165
21647
19727
18903
530
26970
28814
7418
9736
8859
23962
29350
6364
4059
24813
12982
30923
5357
21338
1479
29395
30312
17516
25927
25205
2651
14410
29134
7866
24891
31965
946
6260
31520
23093
10710
11718
23857
8745
2754
22246
7005
25406
23545
4130
10829
17099
25478
9505
3478
16986
14297
16748
13874
29776
12753
27180
9521
25553
17690
17718
9900
13278
12985
20804
14587
14784
18917
29573
29735
5802
11033
32345
1442
5274
16743
5461
5174
19072
26127
4750
8252
19362
25168
20756
13326
26175
17278
188
30911
13682
13653
26403
777
2650
22157
12783
27782
28792
15278
15960
3363
20824
5158
31208
26835
31604
9625
16510
9600
4181
4472
23449
7495
7675
6357
1747
24804
26495
21110
7596
15979
8439
1832
22153
8250
8858
10325
12029
22571
22309
5337
27974
11022
27005
8210
23323
12374
30101
3894
7589
23058
16530
234
20171
14623
15405
29456
15282
20892
22873
23264
27780
5023
28198
826
22897
19494
13030
9530
28916
8785
6798
28430
21336
29902
2655
27908
26490
11156
13509
2279
11472
20948
7039
5004
28330
3116
32000
3240
15544
16159
12565
7396
19661
31170
14537
30260
10722
30903
1414
3684
21598
21855
15228
26612
14229
13644
29510
23845
6286
3573
16075
8532
25097
20654
30051
27783
29120
4823
2876
1350
19182
1619
30715
7340
21006
22076
28838
12477
30181
15316
30913
26874
27074
24511
3767
8499
21765
23408
30588
5789
7134
28386
28017
27428
9559
16008
13960
29442
17045
11654
26024
145
7002
10273
19283
8797
17359
29300
22918
1918
24449
20325
32480
32293
30121
5080
15623
16500
23216
31267
32328
915
21234
18881
28285
32000
21187
10058
23348
21030
32687
8354
24333
9778
22278
18801
23652
14882
7577
31700
2864
21278
31934
4435
7723
23308
28826
10258
17204
28511
27551
18507
753
21039
21331
32251
17336
29071
14931
15068
29616
31003
31640
5268
7731
8656
6906
13100
28791
13345
3826
963
29038
28742
22436
900
28906
20696
1821
14037
29189
23451
7897
8401
5312
29851
26248
20217
17130
26490
8209
19750
9284
6920
15576
5571
7650
8980
30781
21048
24788
9346
31589
32681
19462
16286
28220
19425
9573
29872
6586
16009
28227
14033
32614
670
22269
8444
2585
25634
5595
360
15365
22033
9527
12053
32245
5270
11490
23973
29654
14207
6851
25454
31351
18671
11969
9677
12941
13394
32228
8125
15610
8598
12470
13992
3151
4249
240
20861
28559
18653
14930
26114
14902
29059
17107
28780
11641
25975
28154
2349
1744
6120
8076
3341
22450
7419
359
2940
2719
10944
20654
28454
14692
9829
1574
5321
14491
4521
24032
17475
31857
27796
537
16368
15020
24421
23902
24114
28140
16589
22516
24913
7728
19546
1142
390
4765
7478
32704
23890
20603
16657
2060
17428
2945
30556
3931
3803
27474
28856
19735
31609
19015
8878
4854
15833
20847
928
26913
15250
5588
17151
13718
9659
6912
20927
29386
25858
24256
20232
14739
3064
21032
11567
8774
17327
25559
8932
16668
26247
32637
15533
16859
15685
9882
8851
26290
4709
1672
26138
28260
4018
12219
27767
9641
6675
21064
18686
10193
8104
9124
7130
4778
3093
20910
18688
12708
22302
9968
7014
25651
24949
17442
10351
17269
5071
4848
1962
19221
29757
22014
12989
2415
9658
31272
8604
6900
1536
3342
30463
29904
23969
31952
20754
17099
22098
1302
4718
23661
11146
27988
14152
5478
18764
31820
2792
27949
19776
17620
20829
25062
7689
12249
14704
27273
3283
26532
10966
23617
13611
2140
17578
16146
3860
14796
8218
21951
26455
5735
11104
23787
12826
905
12532
17790
27572
24320
24319
28234
31680
9675
25363
8431
20080
30753
28186
22011
6181
7862
13453
1110
30524
30009
16103
32734
26666
24097
7768
11086
16331
9129
22973
356
8183
27161
9936
14659
6743
5960
17308
2582
30070
21343
1077
20982
18459
1759
26789
9230
24279
31206
20265
508
8154
30894
5790
17531
24842
8534
17718
30527
25687
16101
1903
11297
28232
21900
6982
2428
10970
17451
31655
6103
21643
7959
24617
4804
20914
10267
25848
16647
15377
1980
28434
6139
1709
11201
8375
11826
13790
28403
29210
16732
23970
28194
16989
21354
23094
11880
29884
8947
30440
30898
28169
726
30503
3707
1624
21793
13788
7131
17147
11569
20221
2753
27825
23835
1886
7036
22042
29259
26315
26241
26222
25963
14421
11112
15471
391
25833
4407
32156
18030
23591
15331
9640
19035
32624
23316
27178
24276
17217
5673
1686
31955
31424
31100
1132
15396
405
18663
21423
23054
14331
23431
18329
4917
1303
25791
19341
21695
21384
20096
25677
2230
15423
2248
20845
429
21393
29289
25352
18855
19594
16140
22449
22580
26245
32373
22188
29661
22777
10505
23135
17090
12694
21901
7939
20098
22673
31792
27039
32603
12092
27340
15159
21139
31961
20073
17472
20502
7600
30211
11352
864
10335
12941
564
31645
32114
30773
26586
5903
30003
9450
20240
7601
8131
4123
23060
28442
19306
18370
13453
18339
17708
7842
30914
24780
1949
28620
29962
28892
19446
15208
25987
19912
12647
178
30215
14166
28335
31043
8284
3202
16875
6546
15019
28705
4779
31418
18996
8388
31307
4478
28223
2015
9857
22154
30550
17451
18994
17403
32433
13128
4234
19490
4594
16039
17995
11653
18195
28583
11621
18471
19612
3838
11976
22538
18969
21339
24182
14577
9419
25418
1500
5994
31902
11863
10338
13068
30043
24950
13889
5630
8223
31394
24980
26041
6412
16325
18867
12558
11582
7384
28860
24426
7424
11595
12146
9561
20032
29863
6987
8777
833
2674
4804
2961
27024
15699
25592
2225
5433
29046
16753
9435
15418
15922
31038
31155
17976
3817
8773
30548
1137
19248
13275
28051
9714
18992
15250
14983
15370
5452
9554
16969
25342
15877
18860
5112
25342
19226
13930
24576
23896
243
25963
9116
23020
2367
21934
11674
18656
15837
15020
24671
19605
6904
13803
21802
24537
7287
20176
17565
11358
2708
7349
22649
9578
31178
22331
19113
15057
501
16609
30082
14369
28853
8150
14665
9244
31507
14604
23285
13419
12903
398
16439
10640
16505
31251
11448
10013
12006
26835
25762
23587
15813
26009
22625
4078
3467
27674
15787
26351
8236
26757
14781
29690
30083
29275
232
27058
18164
10625
3917
65
9808
27028
24293
25420
1016
